100.0  48.0 100.0  49.6  85.7  54.5  85.7  63.4  71.4  77.2  71.4  82.9  64.3  91.9  57.1  96.7
100.0  41.1 100.0  52.3 100.0  59.8 100.0  75.7  93.8  85.0  93.8  86.9  93.8  86.9  93.8  90.7
100.0  48.2 100.0  53.5 100.0  59.6 100.0  65.8 100.0  78.9 100.0  91.2 100.0  93.9 100.0  96.5
87.5 46.0 81.2 52.4 81.2 67.5 75.0 80.2 62.5 90.5 62.5 94.4 62.5 97.6 62.5 99.2
100.0  39.3 100.0  41.7 100.0  51.2 100.0  66.7  92.3  76.2  92.3  81.0  84.6  86.9  84.6  88.1
94.7 62.6 94.7 65.7 84.2 71.7 84.2 77.8 78.9 93.9 73.7 96.0 73.7 98.0 63.2 98.0
100.0  60.5 100.0  68.1  92.9  76.5  92.9  84.0  85.7  95.0  78.6  96.6  78.6  97.5  71.4  97.5
100.0  13.5 100.0  22.5  85.7  44.9  85.7  48.3  71.4  71.9  66.7  84.3  57.1  88.8  57.1  93.3
96.2 75.9 96.2 80.4 84.6 84.8 76.9 91.1 73.1 96.4 73.1 97.3 65.4 99.1 65.4 99.1
95.8 58.4 95.8 63.4 91.7 71.3 79.2 83.2 70.8 89.1 70.8 93.1 70.8 97.0 62.5 99.0
92.9 47.9 92.9 56.4 92.9 66.7 92.9 71.8 78.6 85.5 78.6 93.2 78.6 95.7 64.3 95.7
96.4 49.7 96.4 54.0 96.4 61.3 92.9 73.6 89.3 87.7 89.3 90.2 85.7 92.6 85.7 95.1
93.8 66.7 93.8 73.9 93.8 83.8 93.8 87.4 93.8 92.8 93.8 96.4 93.8 97.3 87.5 99.1
100.0  39.6 100.0  49.1 100.0  59.2 100.0  69.8  91.7  82.8  91.7  92.9  83.3  95.9  83.3  98.2
94.7 53.5 89.5 60.6 89.5 76.4 84.2 83.5 73.7 89.8 73.7 93.7 73.7 95.3 73.7 96.1
95.5  44.0  95.5  53.6  95.5  70.4  90.9  80.8  86.4  87.2  81.8  94.4  68.2  99.2  68.2 100.0
100.0  51.5 100.0  57.6 100.0  66.7 100.0  71.7 100.0  87.9 100.0  90.9  93.8  91.9  93.8  96.0
100.0  57.3 100.0  62.0 100.0  73.3  93.3  82.7  93.3  94.7  86.7  97.3  80.0  98.0  80.0  98.7
100.0  41.9  93.3  47.8  93.3  57.4  86.7  69.9  86.7  82.4  80.0  86.8  80.0  93.4  80.0  95.6
86.7 47.3 86.7 52.7 86.7 60.8 86.7 75.0 80.0 85.8 80.0 91.2 73.3 95.3 73.3 96.6
82.4 47.2 82.4 53.8 76.5 67.9 70.6 77.4 47.1 86.8 41.2 93.4 41.2 96.2 29.4 96.2
100.0  49.1 100.0  57.5 100.0  68.9 100.0  76.4  92.3  87.7  92.3  91.5  92.3  94.3  92.3  96.2
100.0  54.8 100.0  64.3 100.0  76.2 100.0  82.1 100.0  94.0 100.0  94.0 100.0  98.8  94.1 100.0
100.0  68.2 100.0  75.7  94.1  81.1  82.4  85.8  82.4  94.6  82.4  95.3  82.4  97.3  82.4  98.0



set of thresholds is: 1   2   5  10  20  30  40  50
[TPR,TNR,(3*TPR+TNR)/4] pairs of results (averaged over datasets, one pair per threshold):

mean
96.5 95.8 92.7 89.7 83.1 81.4 78.2 75.2
50.5 57.0 67.2 76.0 87.2 91.9 94.9 96.6
85.0 86.1 86.3 86.3 84.2 84.0 82.4 80.6

median
100.0  98.2  93.5  91.9  86.0  80.9  79.3  76.8
48.7 55.2 67.7 76.9 87.7 93.1 95.8 96.7
86.0 87.4 87.7 87.8 86.1 84.0 83.3 81.6
